0.0	0.6675000000000001
0.2	0.7514036950507861
0.4	0.8074480289010255
0.6	0.832243838750697
0.8	0.8251755070121793
1.0	0.7881792927625068
1.2	0.7253499837527073
1.4	0.6424219427737639
1.6	0.5461757369713518
1.8	0.4438222956485433
2.0	0.34241329865884085
2.2	0.24831987964075908
2.4	0.16681255766688954
2.6	0.10176452383271228
2.8	0.05548897547154766
3.0	0.028710036275441626
3.2	0.02065674257736403
3.4	0.02926127070180748
3.6	0.05143648891373452
3.8	0.08340429005746579
4.0	0.1210450373247629
4.2	0.16023968243401504
4.4	0.1971793763828666
4.6	0.22862224769043188
4.8	0.25208295286017063
5.0	0.2659470579293788
5.2	0.2695087504436978
5.4	0.26293632225161634
5.6	0.24717490339457568
5.8	0.22379977069589396
6.0	0.19483602464611946
6.2	0.1625614687432001
6.4	0.1293091939106505
6.6	0.09728482263029567
6.8	0.06841083581406943
7.0	0.04420717525698966
7.2	0.025713696518071757
7.4	0.01345635178036522
7.6	0.007455496454780117
7.8	0.007271680686770076
8.0	0.01208189371233222
8.2	0.020777595328359297
8.4	0.032075045858899295
8.6	0.04462841898565777
8.8	0.05713687697411182
9.0	0.06843808387095435
9.2	0.0775823739810158
9.4	0.08388380622295422
9.6	0.08694644171775767
9.8	0.08666621396723169
10.0	0.08321057167673104
10.2	0.07697954779555564
10.4	0.06855296534315511
10.6	0.05862909076312542
10.8	0.04796018698479603
11.0	0.037290134032529836
11.2	0.0272986369267949
11.4	0.018555612396322585
11.6	0.011488234421148925
11.8	0.006361925349057759
12.0	0.0032754022955460557
12.2	0.0021688152159552157
12.4	0.0028431147273845665
12.6	0.004988115736897128
12.8	0.008216306487996601
13.0	0.012099298941332846
13.2	0.016203912077431538
13.4	0.020125193783431514
13.6	0.02351417492715787
13.8	0.02609875758470323
14.0	0.027696810705665403
14.2	0.02822122401465519
14.4	0.027677302832678934
14.6	0.02615342931414906
14.8	0.023806336761415137
15.0	0.02084262292478037
15.2	0.017498257909802507
15.4	0.014017826915712926
15.6	0.010635102492732309
15.8	0.007556288722243696
16.0	0.004946949929335285
16.2	0.0029232615486566842
16.4	0.0015478332407885104
16.6	0.0008299847963988538
16.8	0.0007300300074861708
17.0	0.0011668629275022157
17.2	0.002027958357108174
17.4	0.003180800348477593
17.6	0.004484738387751442
17.8	0.005802333776169328
18.0	0.007009386504807851
18.2	0.008003009765628736
18.4	0.008707327118818452
18.6	0.009076587569853228
18.8	0.009095708568592289
19.0	0.00877845050706485
19.2	0.008163586041305272
19.4	0.007309544632780288
19.6	0.006288082304739482
19.8	0.005177547992213734
20.0	0.00405629400269838
